#error_Jacobi #error_Gauss #error_ICF #error_ICNE #error_Multigrid #error_CG
5.094e+00 1.249e+00 7.115e+00 0.000e+00 6.084e-04 2.178e+01
2.150e+00 4.174e-01 4.907e-01 0.000e+00 2.804e-07 5.094e+00
1.121e+00 1.873e-01 1.504e-01 0.000e+00 8.359e-11 2.150e+00
6.565e-01 6.366e-02 5.158e-02 0.000e+00 7.743e-15 1.121e+00
4.085e-01 2.588e-02 1.651e-02 0.000e+00 1.654e-18 6.565e-01
2.645e-01 8.641e-03 4.341e-03 0.000e+00 0.000e+00 4.085e-01
1.746e-01 5.862e-04 5.942e-04 0.000e+00 0.000e+00 2.645e-01
1.166e-01 6.008e-05 4.805e-05 0.000e+00 0.000e+00 1.746e-01
7.785e-02 5.631e-06 4.010e-06 0.000e+00 0.000e+00 1.166e-01
5.168e-02 3.366e-07 4.474e-07 0.000e+00 0.000e+00 7.785e-02
3.374e-02 2.754e-08 2.872e-08 0.000e+00 0.000e+00 5.168e-02
2.154e-02 3.263e-09 9.893e-10 0.000e+00 0.000e+00 3.374e-02
1.324e-02 1.079e-09 6.366e-11 0.000e+00 0.000e+00 2.154e-02
7.732e-03 7.566e-11 8.132e-12 0.000e+00 0.000e+00 1.324e-02
1.157e-03 1.300e-12 1.136e-12 0.000e+00 0.000e+00 7.732e-03
4.873e-04 4.684e-14 3.065e-14 0.000e+00 0.000e+00 1.157e-03
1.932e-04 4.212e-15 8.836e-16 0.000e+00 0.000e+00 4.873e-04
7.179e-05 3.273e-16 0.000e+00 0.000e+00 0.000e+00 1.932e-04
2.324e-05 1.303e-17 0.000e+00 0.000e+00 0.000e+00 7.179e-05
8.059e-06 0.000e+00 0.000e+00 0.000e+00 0.000e+00 2.324e-05
2.833e-06 0.000e+00 0.000e+00 0.000e+00 0.000e+00 8.059e-06
1.047e-06 0.000e+00 0.000e+00 0.000e+00 0.000e+00 2.833e-06
3.085e-07 0.000e+00 0.000e+00 0.000e+00 0.000e+00 1.047e-06
7.901e-08 0.000e+00 0.000e+00 0.000e+00 0.000e+00 3.085e-07
1.701e-08 0.000e+00 0.000e+00 0.000e+00 0.000e+00 7.901e-08
3.095e-09 0.000e+00 0.000e+00 0.000e+00 0.000e+00 1.701e-08
3.168e-10 0.000e+00 0.000e+00 0.000e+00 0.000e+00 3.095e-09
6.097e-11 0.000e+00 0.000e+00 0.000e+00 0.000e+00 3.168e-10
6.859e-12 0.000e+00 0.000e+00 0.000e+00 0.000e+00 6.097e-11
7.285e-13 0.000e+00 0.000e+00 0.000e+00 0.000e+00 6.859e-12
7.954e-14 0.000e+00 0.000e+00 0.000e+00 0.000e+00 7.285e-13
1.016e-14 0.000e+00 0.000e+00 0.000e+00 0.000e+00 7.954e-14
1.262e-15 0.000e+00 0.000e+00 0.000e+00 0.000e+00 1.016e-14
2.335e-16 0.000e+00 0.000e+00 0.000e+00 0.000e+00 1.262e-15
6.144e-17 0.000e+00 0.000e+00 0.000e+00 0.000e+00 2.335e-16
0.000e+00 0.000e+00 0.000e+00 0.000e+00 0.000e+00 6.144e-17
0.000e+00 0.000e+00 0.000e+00 0.000e+00 0.000e+00 0.000e+00
0.000e+00 0.000e+00 0.000e+00 0.000e+00 0.000e+00 0.000e+00
0.000e+00 0.000e+00 0.000e+00 0.000e+00 0.000e+00 0.000e+00
0.000e+00 0.000e+00 0.000e+00 0.000e+00 0.000e+00 0.000e+00
0.000e+00 0.000e+00 0.000e+00 0.000e+00 0.000e+00 0.000e+00
4.941e-324 0.000e+00 0.000e+00 0.000e+00 0.000e+00 0.000e+00
4.941e-324 0.000e+00 0.000e+00 0.000e+00 0.000e+00 0.000e+00
4.941e-324 0.000e+00 0.000e+00 0.000e+00 0.000e+00 0.000e+00
4.941e-324 0.000e+00 0.000e+00 0.000e+00 0.000e+00 0.000e+00
0.000e+00 0.000e+00 0.000e+00 0.000e+00 0.000e+00 0.000e+00
0.000e+00 0.000e+00 0.000e+00 0.000e+00 0.000e+00 0.000e+00
0.000e+00 0.000e+00 0.000e+00 0.000e+00 0.000e+00 0.000e+00
0.000e+00 0.000e+00 0.000e+00 0.000e+00 0.000e+00 0.000e+00
4.941e-324 0.000e+00 0.000e+00 0.000e+00 0.000e+00 0.000e+00
4.941e-324 0.000e+00 0.000e+00 0.000e+00 0.000e+00 0.000e+00
4.941e-324 0.000e+00 0.000e+00 0.000e+00 0.000e+00 0.000e+00
4.941e-324 0.000e+00 0.000e+00 0.000e+00 0.000e+00 0.000e+00
0.000e+00 0.000e+00 0.000e+00 0.000e+00 0.000e+00 0.000e+00
0.000e+00 0.000e+00 0.000e+00 0.000e+00 0.000e+00 0.000e+00
0.000e+00 0.000e+00 0.000e+00 0.000e+00 0.000e+00 0.000e+00
0.000e+00 0.000e+00 0.000e+00 0.000e+00 0.000e+00 0.000e+00
4.941e-324 0.000e+00 0.000e+00 0.000e+00 0.000e+00 0.000e+00
4.941e-324 0.000e+00 0.000e+00 0.000e+00 0.000e+00 0.000e+00
4.941e-324 0.000e+00 0.000e+00 0.000e+00 0.000e+00 0.000e+00
4.941e-324 0.000e+00 0.000e+00 0.000e+00 0.000e+00 0.000e+00
0.000e+00 0.000e+00 0.000e+00 0.000e+00 0.000e+00 0.000e+00
0.000e+00 0.000e+00 0.000e+00 0.000e+00 0.000e+00 0.000e+00
0.000e+00 0.000e+00 0.000e+00 0.000e+00 0.000e+00 0.000e+00
0.000e+00 0.000e+00 0.000e+00 0.000e+00 0.000e+00 0.000e+00
4.941e-324 0.000e+00 0.000e+00 0.000e+00 0.000e+00 0.000e+00
4.941e-324 0.000e+00 0.000e+00 0.000e+00 0.000e+00 0.000e+00
4.941e-324 0.000e+00 0.000e+00 0.000e+00 0.000e+00 0.000e+00
4.941e-324 0.000e+00 0.000e+00 0.000e+00 0.000e+00 0.000e+00
0.000e+00 0.000e+00 0.000e+00 0.000e+00 0.000e+00 0.000e+00
0.000e+00 0.000e+00 0.000e+00 0.000e+00 0.000e+00 0.000e+00
0.000e+00 0.000e+00 0.000e+00 0.000e+00 0.000e+00 0.000e+00
0.000e+00 0.000e+00 0.000e+00 0.000e+00 0.000e+00 0.000e+00
0.000e+00 0.000e+00 0.000e+00 0.000e+00 0.000e+00 0.000e+00
0.000e+00 0.000e+00 0.000e+00 0.000e+00 0.000e+00 0.000e+00
0.000e+00 0.000e+00 0.000e+00 0.000e+00 0.000e+00 0.000e+00
0.000e+00 0.000e+00 0.000e+00 0.000e+00 0.000e+00 0.000e+00
0.000e+00 0.000e+00 0.000e+00 0.000e+00 0.000e+00 0.000e+00
0.000e+00 0.000e+00 0.000e+00 0.000e+00 0.000e+00 0.000e+00
0.000e+00 0.000e+00 0.000e+00 0.000e+00 0.000e+00 0.000e+00
0.000e+00 0.000e+00 0.000e+00 0.000e+00 0.000e+00 0.000e+00
0.000e+00 0.000e+00 0.000e+00 0.000e+00 0.000e+00 0.000e+00
0.000e+00 0.000e+00 0.000e+00 0.000e+00 0.000e+00 0.000e+00
0.000e+00 0.000e+00 0.000e+00 0.000e+00 0.000e+00 0.000e+00
0.000e+00 0.000e+00 0.000e+00 0.000e+00 0.000e+00 0.000e+00
0.000e+00 0.000e+00 0.000e+00 0.000e+00 0.000e+00 0.000e+00
0.000e+00 0.000e+00 0.000e+00 0.000e+00 0.000e+00 0.000e+00
0.000e+00 0.000e+00 0.000e+00 0.000e+00 0.000e+00 0.000e+00
0.000e+00 0.000e+00 0.000e+00 0.000e+00 0.000e+00 0.000e+00
0.000e+00 0.000e+00 0.000e+00 0.000e+00 0.000e+00 0.000e+00
0.000e+00 0.000e+00 0.000e+00 0.000e+00 0.000e+00 0.000e+00
0.000e+00 0.000e+00 0.000e+00 0.000e+00 0.000e+00 0.000e+00
0.000e+00 0.000e+00 0.000e+00 0.000e+00 0.000e+00 0.000e+00
0.000e+00 0.000e+00 0.000e+00 0.000e+00 0.000e+00 0.000e+00
0.000e+00 0.000e+00 0.000e+00 0.000e+00 0.000e+00 0.000e+00
0.000e+00 0.000e+00 0.000e+00 0.000e+00 0.000e+00 0.000e+00
0.000e+00 0.000e+00 0.000e+00 0.000e+00 0.000e+00 0.000e+00
0.000e+00 0.000e+00 0.000e+00 0.000e+00 0.000e+00 0.000e+00
0.000e+00 0.000e+00 0.000e+00 0.000e+00 0.000e+00 0.000e+00
0.000e+00 0.000e+00 0.000e+00 0.000e+00 0.000e+00 0.000e+00
0.000e+00 0.000e+00 0.000e+00 0.000e+00 0.000e+00 0.000e+00
0.000e+00 0.000e+00 0.000e+00 0.000e+00 0.000e+00 0.000e+00
0.000e+00 0.000e+00 0.000e+00 0.000e+00 0.000e+00 0.000e+00
0.000e+00 0.000e+00 0.000e+00 0.000e+00 0.000e+00 0.000e+00
0.000e+00 0.000e+00 0.000e+00 0.000e+00 0.000e+00 0.000e+00
0.000e+00 0.000e+00 0.000e+00 0.000e+00 0.000e+00 0.000e+00
0.000e+00 0.000e+00 0.000e+00 0.000e+00 0.000e+00 0.000e+00
0.000e+00 0.000e+00 0.000e+00 0.000e+00 0.000e+00 0.000e+00
0.000e+00 0.000e+00 0.000e+00 0.000e+00 0.000e+00 0.000e+00
0.000e+00 0.000e+00 0.000e+00 0.000e+00 0.000e+00 0.000e+00
0.000e+00 0.000e+00 0.000e+00 0.000e+00 0.000e+00 0.000e+00
0.000e+00 0.000e+00 0.000e+00 0.000e+00 0.000e+00 0.000e+00
0.000e+00 0.000e+00 0.000e+00 0.000e+00 0.000e+00 0.000e+00
0.000e+00 0.000e+00 0.000e+00 0.000e+00 0.000e+00 0.000e+00
0.000e+00 0.000e+00 0.000e+00 0.000e+00 0.000e+00 0.000e+00
0.000e+00 0.000e+00 0.000e+00 0.000e+00 0.000e+00 0.000e+00
0.000e+00 0.000e+00 0.000e+00 0.000e+00 0.000e+00 0.000e+00
0.000e+00 0.000e+00 0.000e+00 0.000e+00 0.000e+00 0.000e+00
0.000e+00 0.000e+00 0.000e+00 0.000e+00 0.000e+00 0.000e+00
0.000e+00 0.000e+00 0.000e+00 0.000e+00 0.000e+00 0.000e+00
0.000e+00 0.000e+00 0.000e+00 0.000e+00 0.000e+00 0.000e+00
0.000e+00 0.000e+00 0.000e+00 0.000e+00 0.000e+00 0.000e+00
0.000e+00 0.000e+00 0.000e+00 0.000e+00 0.000e+00 0.000e+00
0.000e+00 0.000e+00 0.000e+00 0.000e+00 0.000e+00 0.000e+00
0.000e+00 0.000e+00 0.000e+00 0.000e+00 0.000e+00 0.000e+00
0.000e+00 0.000e+00 0.000e+00 0.000e+00 0.000e+00 0.000e+00
0.000e+00 0.000e+00 0.000e+00 0.000e+00 0.000e+00 0.000e+00
0.000e+00 0.000e+00 0.000e+00 0.000e+00 0.000e+00 0.000e+00
0.000e+00 0.000e+00 0.000e+00 0.000e+00 0.000e+00 0.000e+00
0.000e+00 0.000e+00 0.000e+00 0.000e+00 0.000e+00 0.000e+00
0.000e+00 0.000e+00 0.000e+00 0.000e+00 0.000e+00 0.000e+00
0.000e+00 0.000e+00 0.000e+00 0.000e+00 0.000e+00 0.000e+00
0.000e+00 0.000e+00 0.000e+00 0.000e+00 0.000e+00 0.000e+00
0.000e+00 0.000e+00 0.000e+00 0.000e+00 0.000e+00 0.000e+00
0.000e+00 0.000e+00 0.000e+00 0.000e+00 0.000e+00 0.000e+00
0.000e+00 0.000e+00 0.000e+00 0.000e+00 0.000e+00 0.000e+00
0.000e+00 0.000e+00 0.000e+00 0.000e+00 0.000e+00 0.000e+00
0.000e+00 0.000e+00 0.000e+00 0.000e+00 0.000e+00 0.000e+00
0.000e+00 0.000e+00 0.000e+00 0.000e+00 0.000e+00 0.000e+00
0.000e+00 0.000e+00 0.000e+00 0.000e+00 0.000e+00 0.000e+00
0.000e+00 0.000e+00 0.000e+00 0.000e+00 0.000e+00 0.000e+00
0.000e+00 0.000e+00 0.000e+00 0.000e+00 0.000e+00 0.000e+00
0.000e+00 0.000e+00 0.000e+00 0.000e+00 0.000e+00 0.000e+00
0.000e+00 0.000e+00 0.000e+00 0.000e+00 0.000e+00 0.000e+00
5.771e-321 0.000e+00 0.000e+00 0.000e+00 0.000e+00 0.000e+00
5.771e-321 0.000e+00 0.000e+00 0.000e+00 0.000e+00 0.000e+00
0.000e+00 0.000e+00 0.000e+00 0.000e+00 0.000e+00 0.000e+00
0.000e+00 0.000e+00 0.000e+00 0.000e+00 0.000e+00 0.000e+00
0.000e+00 0.000e+00 0.000e+00 0.000e+00 0.000e+00 0.000e+00
0.000e+00 0.000e+00 0.000e+00 0.000e+00 0.000e+00 0.000e+00
0.000e+00 0.000e+00 0.000e+00 0.000e+00 0.000e+00 0.000e+00
0.000e+00 0.000e+00 0.000e+00 0.000e+00 0.000e+00 0.000e+00
4.941e-324 0.000e+00 0.000e+00 0.000e+00 0.000e+00 0.000e+00
0.000e+00 0.000e+00 0.000e+00 0.000e+00 0.000e+00 0.000e+00
9.881e-324 0.000e+00 0.000e+00 0.000e+00 0.000e+00 0.000e+00
0.000e+00 0.000e+00 0.000e+00 0.000e+00 0.000e+00 0.000e+00
1.482e-323 0.000e+00 0.000e+00 0.000e+00 0.000e+00 0.000e+00
0.000e+00 0.000e+00 0.000e+00 0.000e+00 0.000e+00 0.000e+00
1.976e-323 0.000e+00 0.000e+00 0.000e+00 0.000e+00 0.000e+00
0.000e+00 0.000e+00 0.000e+00 0.000e+00 0.000e+00 0.000e+00
0.000e+00 0.000e+00 0.000e+00 0.000e+00 0.000e+00 0.000e+00
2.470e-323 0.000e+00 0.000e+00 0.000e+00 0.000e+00 0.000e+00
2.964e-323 0.000e+00 0.000e+00 0.000e+00 0.000e+00 0.000e+00
0.000e+00 0.000e+00 0.000e+00 0.000e+00 0.000e+00 0.000e+00
0.000e+00 0.000e+00 0.000e+00 0.000e+00 0.000e+00 0.000e+00
3.458e-323 0.000e+00 0.000e+00 0.000e+00 0.000e+00 0.000e+00
3.953e-323 0.000e+00 0.000e+00 0.000e+00 0.000e+00 0.000e+00
0.000e+00 0.000e+00 0.000e+00 0.000e+00 0.000e+00 0.000e+00
0.000e+00 0.000e+00 0.000e+00 0.000e+00 0.000e+00 0.000e+00
4.447e-323 0.000e+00 0.000e+00 0.000e+00 0.000e+00 0.000e+00
4.941e-323 0.000e+00 0.000e+00 0.000e+00 0.000e+00 0.000e+00
0.000e+00 0.000e+00 0.000e+00 0.000e+00 0.000e+00 0.000e+00
0.000e+00 0.000e+00 0.000e+00 0.000e+00 0.000e+00 0.000e+00
5.435e-323 0.000e+00 0.000e+00 0.000e+00 0.000e+00 0.000e+00
5.929e-323 0.000e+00 0.000e+00 0.000e+00 0.000e+00 0.000e+00
6.423e-323 0.000e+00 0.000e+00 0.000e+00 0.000e+00 0.000e+00
6.917e-323 0.000e+00 0.000e+00 0.000e+00 0.000e+00 0.000e+00
7.411e-323 0.000e+00 0.000e+00 0.000e+00 0.000e+00 0.000e+00
7.905e-323 0.000e+00 0.000e+00 0.000e+00 0.000e+00 0.000e+00
8.399e-323 0.000e+00 0.000e+00 0.000e+00 0.000e+00 0.000e+00
8.893e-323 0.000e+00 0.000e+00 0.000e+00 0.000e+00 0.000e+00
9.387e-323 0.000e+00 0.000e+00 0.000e+00 0.000e+00 0.000e+00
9.881e-323 0.000e+00 0.000e+00 0.000e+00 0.000e+00 0.000e+00
1.038e-322 0.000e+00 0.000e+00 0.000e+00 0.000e+00 0.000e+00
1.087e-322 0.000e+00 0.000e+00 0.000e+00 0.000e+00 0.000e+00
1.136e-322 0.000e+00 0.000e+00 0.000e+00 0.000e+00 0.000e+00
1.186e-322 0.000e+00 0.000e+00 0.000e+00 0.000e+00 0.000e+00
0.000e+00 0.000e+00 0.000e+00 0.000e+00 0.000e+00 0.000e+00
0.000e+00 0.000e+00 0.000e+00 0.000e+00 0.000e+00 0.000e+00
0.000e+00 0.000e+00 0.000e+00 0.000e+00 0.000e+00 0.000e+00
0.000e+00 0.000e+00 0.000e+00 0.000e+00 0.000e+00 0.000e+00
1.235e-322 0.000e+00 0.000e+00 0.000e+00 0.000e+00 0.000e+00
1.285e-322 0.000e+00 0.000e+00 0.000e+00 0.000e+00 0.000e+00
1.334e-322 0.000e+00 0.000e+00 0.000e+00 0.000e+00 0.000e+00
1.383e-322 0.000e+00 0.000e+00 0.000e+00 0.000e+00 0.000e+00
0.000e+00 0.000e+00 0.000e+00 0.000e+00 0.000e+00 0.000e+00
0.000e+00 0.000e+00 0.000e+00 0.000e+00 0.000e+00 0.000e+00
0.000e+00 0.000e+00 0.000e+00 0.000e+00 0.000e+00 0.000e+00
0.000e+00 0.000e+00 0.000e+00 0.000e+00 0.000e+00 0.000e+00
1.433e-322 0.000e+00 0.000e+00 0.000e+00 0.000e+00 0.000e+00
1.482e-322 0.000e+00 0.000e+00 0.000e+00 0.000e+00 0.000e+00
1.532e-322 0.000e+00 0.000e+00 0.000e+00 0.000e+00 0.000e+00
1.581e-322 0.000e+00 0.000e+00 0.000e+00 0.000e+00 0.000e+00
0.000e+00 0.000e+00 0.000e+00 0.000e+00 0.000e+00 0.000e+00
0.000e+00 0.000e+00 0.000e+00 0.000e+00 0.000e+00 0.000e+00
0.000e+00 0.000e+00 0.000e+00 0.000e+00 0.000e+00 0.000e+00
0.000e+00 0.000e+00 0.000e+00 0.000e+00 0.000e+00 0.000e+00
1.630e-322 0.000e+00 0.000e+00 0.000e+00 0.000e+00 0.000e+00
1.680e-322 0.000e+00 0.000e+00 0.000e+00 0.000e+00 0.000e+00
1.729e-322 0.000e+00 0.000e+00 0.000e+00 0.000e+00 0.000e+00
1.779e-322 0.000e+00 0.000e+00 0.000e+00 0.000e+00 0.000e+00
0.000e+00 0.000e+00 0.000e+00 0.000e+00 0.000e+00 0.000e+00
0.000e+00 0.000e+00 0.000e+00 0.000e+00 0.000e+00 0.000e+00
0.000e+00 0.000e+00 0.000e+00 0.000e+00 0.000e+00 0.000e+00
0.000e+00 0.000e+00 0.000e+00 0.000e+00 0.000e+00 0.000e+00
1.828e-322 0.000e+00 0.000e+00 0.000e+00 0.000e+00 0.000e+00
1.877e-322 0.000e+00 0.000e+00 0.000e+00 0.000e+00 0.000e+00
1.927e-322 0.000e+00 0.000e+00 0.000e+00 0.000e+00 0.000e+00
1.976e-322 0.000e+00 0.000e+00 0.000e+00 0.000e+00 0.000e+00
2.026e-322 0.000e+00 0.000e+00 0.000e+00 0.000e+00 0.000e+00
2.075e-322 0.000e+00 0.000e+00 0.000e+00 0.000e+00 0.000e+00
2.124e-322 0.000e+00 0.000e+00 0.000e+00 0.000e+00 0.000e+00
2.174e-322 0.000e+00 0.000e+00 0.000e+00 0.000e+00 0.000e+00
2.223e-322 0.000e+00 0.000e+00 0.000e+00 0.000e+00 0.000e+00
2.273e-322 0.000e+00 0.000e+00 0.000e+00 0.000e+00 0.000e+00
2.322e-322 0.000e+00 0.000e+00 0.000e+00 0.000e+00 0.000e+00
