#Iteration #error_Jacobi #error_Gauss #error_ICF #error_ICNE #error_Multigrid #error_CG
0 1.212e-01 1.685e-01 1.547e-01 0.000e+00 1.834e-04 8.209e-02
1 1.304e-01 1.423e-01 7.591e-02 0.000e+00 2.034e-07 1.405e-01
2 1.125e-01 8.324e-02 5.407e-02 0.000e+00 2.211e-10 1.943e-01
3 9.591e-02 3.730e-02 3.097e-02 0.000e+00 6.616e-14 1.896e-01
4 8.383e-02 1.062e-02 5.471e-03 0.000e+00 1.128e-17 1.463e-01
5 6.594e-02 2.004e-04 6.501e-04 0.000e+00 0.000e+00 1.188e-01
6 5.617e-02 9.234e-06 5.016e-05 0.000e+00 0.000e+00 8.806e-02
7 3.413e-02 1.909e-06 2.019e-06 0.000e+00 0.000e+00 6.710e-02
8 2.214e-02 4.114e-08 1.722e-07 0.000e+00 0.000e+00 4.754e-02
9 5.630e-03 1.757e-09 5.636e-09 0.000e+00 0.000e+00 3.336e-02
10 6.462e-04 3.107e-10 3.528e-10 0.000e+00 0.000e+00 1.966e-02
11 6.914e-05 9.783e-11 7.033e-11 0.000e+00 0.000e+00 8.778e-03
12 4.915e-05 1.944e-12 3.338e-12 0.000e+00 0.000e+00 3.775e-03
13 2.192e-05 1.452e-13 8.138e-14 0.000e+00 0.000e+00 1.742e-03
14 3.626e-06 5.859e-15 1.498e-15 0.000e+00 0.000e+00 3.778e-04
15 2.048e-06 8.830e-17 0.000e+00 0.000e+00 0.000e+00 4.800e-05
16 3.241e-07 0.000e+00 0.000e+00 0.000e+00 0.000e+00 2.331e-05
17 9.389e-08 0.000e+00 0.000e+00 0.000e+00 0.000e+00 8.532e-06
18 1.725e-08 0.000e+00 0.000e+00 0.000e+00 0.000e+00 4.067e-06
19 1.603e-09 0.000e+00 0.000e+00 0.000e+00 0.000e+00 1.147e-06
20 2.088e-10 0.000e+00 0.000e+00 0.000e+00 0.000e+00 4.262e-07
21 7.494e-12 0.000e+00 0.000e+00 0.000e+00 0.000e+00 9.560e-08
22 5.744e-13 0.000e+00 0.000e+00 0.000e+00 0.000e+00 1.667e-08
23 7.765e-14 0.000e+00 0.000e+00 0.000e+00 0.000e+00 3.379e-09
24 8.082e-15 0.000e+00 0.000e+00 0.000e+00 0.000e+00 6.139e-10
25 3.181e-16 0.000e+00 0.000e+00 0.000e+00 0.000e+00 3.096e-11
26 1.475e-17 0.000e+00 0.000e+00 0.000e+00 0.000e+00 8.505e-13
27 0.000e+00 0.000e+00 0.000e+00 0.000e+00 0.000e+00 1.060e-13
28 0.000e+00 0.000e+00 0.000e+00 0.000e+00 0.000e+00 9.084e-15
29 0.000e+00 0.000e+00 0.000e+00 0.000e+00 0.000e+00 1.007e-15
30 0.000e+00 0.000e+00 0.000e+00 0.000e+00 0.000e+00 4.856e-17
31 0.000e+00 0.000e+00 0.000e+00 0.000e+00 0.000e+00 0.000e+00
32 0.000e+00 0.000e+00 0.000e+00 0.000e+00 0.000e+00 0.000e+00
33 0.000e+00 0.000e+00 0.000e+00 0.000e+00 0.000e+00 0.000e+00
34 0.000e+00 0.000e+00 0.000e+00 0.000e+00 0.000e+00 0.000e+00
35 0.000e+00 0.000e+00 0.000e+00 0.000e+00 0.000e+00 0.000e+00
36 0.000e+00 0.000e+00 0.000e+00 0.000e+00 0.000e+00 0.000e+00
37 0.000e+00 0.000e+00 0.000e+00 0.000e+00 0.000e+00 0.000e+00
38 0.000e+00 0.000e+00 0.000e+00 0.000e+00 0.000e+00 0.000e+00
39 0.000e+00 0.000e+00 0.000e+00 0.000e+00 0.000e+00 0.000e+00
40 0.000e+00 0.000e+00 0.000e+00 0.000e+00 0.000e+00 0.000e+00
41 0.000e+00 0.000e+00 0.000e+00 0.000e+00 0.000e+00 0.000e+00
42 0.000e+00 0.000e+00 0.000e+00 0.000e+00 0.000e+00 0.000e+00
43 0.000e+00 0.000e+00 0.000e+00 0.000e+00 0.000e+00 0.000e+00
44 0.000e+00 0.000e+00 0.000e+00 0.000e+00 0.000e+00 0.000e+00
45 0.000e+00 0.000e+00 0.000e+00 0.000e+00 0.000e+00 0.000e+00
46 0.000e+00 0.000e+00 0.000e+00 0.000e+00 0.000e+00 0.000e+00
47 0.000e+00 0.000e+00 0.000e+00 0.000e+00 0.000e+00 0.000e+00
48 0.000e+00 0.000e+00 0.000e+00 0.000e+00 0.000e+00 0.000e+00
49 0.000e+00 0.000e+00 0.000e+00 0.000e+00 0.000e+00 0.000e+00
50 0.000e+00 0.000e+00 0.000e+00 0.000e+00 0.000e+00 0.000e+00
51 0.000e+00 0.000e+00 0.000e+00 0.000e+00 0.000e+00 0.000e+00
52 0.000e+00 0.000e+00 0.000e+00 0.000e+00 0.000e+00 0.000e+00
53 0.000e+00 0.000e+00 0.000e+00 0.000e+00 0.000e+00 0.000e+00
54 0.000e+00 0.000e+00 0.000e+00 0.000e+00 0.000e+00 0.000e+00
55 0.000e+00 0.000e+00 0.000e+00 0.000e+00 0.000e+00 0.000e+00
56 0.000e+00 0.000e+00 0.000e+00 0.000e+00 0.000e+00 0.000e+00
57 0.000e+00 0.000e+00 0.000e+00 0.000e+00 0.000e+00 0.000e+00
58 0.000e+00 0.000e+00 0.000e+00 0.000e+00 0.000e+00 0.000e+00
59 0.000e+00 0.000e+00 0.000e+00 0.000e+00 0.000e+00 0.000e+00
60 0.000e+00 0.000e+00 0.000e+00 0.000e+00 0.000e+00 0.000e+00
61 0.000e+00 0.000e+00 0.000e+00 0.000e+00 0.000e+00 0.000e+00
62 0.000e+00 0.000e+00 0.000e+00 0.000e+00 0.000e+00 0.000e+00
63 0.000e+00 0.000e+00 0.000e+00 0.000e+00 0.000e+00 0.000e+00
64 0.000e+00 0.000e+00 0.000e+00 0.000e+00 0.000e+00 0.000e+00
65 0.000e+00 0.000e+00 0.000e+00 0.000e+00 0.000e+00 0.000e+00
66 0.000e+00 0.000e+00 0.000e+00 0.000e+00 0.000e+00 0.000e+00
67 0.000e+00 0.000e+00 0.000e+00 0.000e+00 0.000e+00 0.000e+00
68 0.000e+00 0.000e+00 0.000e+00 0.000e+00 0.000e+00 0.000e+00
69 0.000e+00 0.000e+00 0.000e+00 0.000e+00 0.000e+00 0.000e+00
70 0.000e+00 0.000e+00 0.000e+00 0.000e+00 0.000e+00 0.000e+00
71 0.000e+00 0.000e+00 0.000e+00 0.000e+00 0.000e+00 0.000e+00
72 0.000e+00 0.000e+00 0.000e+00 0.000e+00 0.000e+00 0.000e+00
73 0.000e+00 0.000e+00 0.000e+00 0.000e+00 0.000e+00 0.000e+00
74 0.000e+00 0.000e+00 0.000e+00 0.000e+00 0.000e+00 0.000e+00
75 0.000e+00 0.000e+00 0.000e+00 0.000e+00 0.000e+00 0.000e+00
76 0.000e+00 0.000e+00 0.000e+00 0.000e+00 0.000e+00 0.000e+00
77 0.000e+00 0.000e+00 0.000e+00 0.000e+00 0.000e+00 0.000e+00
78 0.000e+00 0.000e+00 0.000e+00 0.000e+00 0.000e+00 0.000e+00
79 0.000e+00 0.000e+00 0.000e+00 0.000e+00 0.000e+00 0.000e+00
80 0.000e+00 0.000e+00 0.000e+00 0.000e+00 0.000e+00 0.000e+00
81 0.000e+00 0.000e+00 0.000e+00 0.000e+00 0.000e+00 0.000e+00
82 0.000e+00 0.000e+00 0.000e+00 0.000e+00 0.000e+00 0.000e+00
83 0.000e+00 0.000e+00 0.000e+00 0.000e+00 0.000e+00 0.000e+00
84 0.000e+00 0.000e+00 0.000e+00 0.000e+00 0.000e+00 0.000e+00
85 0.000e+00 0.000e+00 0.000e+00 0.000e+00 0.000e+00 0.000e+00
86 0.000e+00 0.000e+00 0.000e+00 0.000e+00 0.000e+00 0.000e+00
87 0.000e+00 0.000e+00 0.000e+00 0.000e+00 0.000e+00 0.000e+00
88 0.000e+00 0.000e+00 0.000e+00 0.000e+00 0.000e+00 0.000e+00
89 0.000e+00 0.000e+00 0.000e+00 0.000e+00 0.000e+00 0.000e+00
90 0.000e+00 0.000e+00 0.000e+00 0.000e+00 0.000e+00 0.000e+00
91 0.000e+00 0.000e+00 0.000e+00 0.000e+00 0.000e+00 0.000e+00
92 0.000e+00 0.000e+00 0.000e+00 0.000e+00 0.000e+00 0.000e+00
93 0.000e+00 0.000e+00 0.000e+00 0.000e+00 0.000e+00 0.000e+00
94 0.000e+00 0.000e+00 0.000e+00 0.000e+00 0.000e+00 0.000e+00
95 0.000e+00 0.000e+00 0.000e+00 0.000e+00 0.000e+00 0.000e+00
96 0.000e+00 0.000e+00 0.000e+00 0.000e+00 0.000e+00 0.000e+00
97 0.000e+00 0.000e+00 0.000e+00 0.000e+00 0.000e+00 0.000e+00
98 0.000e+00 0.000e+00 0.000e+00 0.000e+00 0.000e+00 0.000e+00
99 0.000e+00 0.000e+00 0.000e+00 0.000e+00 0.000e+00 0.000e+00
100 0.000e+00 0.000e+00 0.000e+00 0.000e+00 0.000e+00 0.000e+00
101 0.000e+00 0.000e+00 0.000e+00 0.000e+00 0.000e+00 0.000e+00
102 0.000e+00 0.000e+00 0.000e+00 0.000e+00 0.000e+00 0.000e+00
103 0.000e+00 0.000e+00 0.000e+00 0.000e+00 0.000e+00 0.000e+00
104 0.000e+00 0.000e+00 0.000e+00 0.000e+00 0.000e+00 0.000e+00
105 0.000e+00 0.000e+00 0.000e+00 0.000e+00 0.000e+00 0.000e+00
106 0.000e+00 0.000e+00 0.000e+00 0.000e+00 0.000e+00 0.000e+00
107 0.000e+00 0.000e+00 0.000e+00 0.000e+00 0.000e+00 0.000e+00
108 0.000e+00 0.000e+00 0.000e+00 0.000e+00 0.000e+00 0.000e+00
109 0.000e+00 0.000e+00 0.000e+00 0.000e+00 0.000e+00 0.000e+00
110 0.000e+00 0.000e+00 0.000e+00 0.000e+00 0.000e+00 0.000e+00
111 0.000e+00 0.000e+00 0.000e+00 0.000e+00 0.000e+00 0.000e+00
112 0.000e+00 0.000e+00 0.000e+00 0.000e+00 0.000e+00 0.000e+00
113 0.000e+00 0.000e+00 0.000e+00 0.000e+00 0.000e+00 0.000e+00
114 0.000e+00 0.000e+00 0.000e+00 0.000e+00 0.000e+00 0.000e+00
115 0.000e+00 0.000e+00 0.000e+00 0.000e+00 0.000e+00 0.000e+00
116 0.000e+00 0.000e+00 0.000e+00 0.000e+00 0.000e+00 0.000e+00
117 0.000e+00 0.000e+00 0.000e+00 0.000e+00 0.000e+00 0.000e+00
118 0.000e+00 0.000e+00 0.000e+00 0.000e+00 0.000e+00 0.000e+00
119 0.000e+00 0.000e+00 0.000e+00 0.000e+00 0.000e+00 0.000e+00
120 0.000e+00 0.000e+00 0.000e+00 0.000e+00 0.000e+00 0.000e+00
121 0.000e+00 0.000e+00 0.000e+00 0.000e+00 0.000e+00 0.000e+00
122 0.000e+00 0.000e+00 0.000e+00 0.000e+00 0.000e+00 0.000e+00
123 0.000e+00 0.000e+00 0.000e+00 0.000e+00 0.000e+00 0.000e+00
124 0.000e+00 0.000e+00 0.000e+00 0.000e+00 0.000e+00 0.000e+00
125 0.000e+00 0.000e+00 0.000e+00 0.000e+00 0.000e+00 0.000e+00
126 0.000e+00 0.000e+00 0.000e+00 0.000e+00 0.000e+00 0.000e+00
127 0.000e+00 0.000e+00 0.000e+00 0.000e+00 0.000e+00 0.000e+00
